99153
99164
99165
99166
99327
99323
99333
99335
99401
99398
99408
99711
99410
99601
99603
99604
99599
99729
99736
99738
99744
99742
99750
99748
99759
99970
99977
99988
99993
100003
100034
100036
100052
100053
100047
100057
100128
100120
100317
100126
100319
100320
100322
100434
100381
100371
100436
100437
100452
100375
100438
100372
100453
100454
100460
100481
100477
100474
100482
100475
100472
100493
100522
100521
100524
100536
100535
100679
100686
100705
100731
100706
100694
100730
100727
100717
100715
100725
100720
100721
100815
100718
100812
100830
100832
100843
100841
100835
100845
100847
100848
100855
100856
100880
100883
100879
100884
100886
100888
100905
100903
100899
100897
100896
100906
100917
100916
100914
100907
100933
100954
100945
100951
100949
100955
100979
100984
100986
100978
100981
100982
100996
100993
101022
101024
101030
101032
101025
101000
101047
101043
101040
101039
101038
101055
101326
101052
101051
101093
101095
101317
101337
101321
101323
101331
101334
101349
101360
101357
101350
101347
101345
101375
101382
101378
101402
101399
101376
101383
101374
101398
101553
101574
101568
101571
101572
101578
101679
101678
101672
101691
101697
101703
101705
101708
101721
101719
101724
101728
101732
101736
101937
101939
101948
101949
101959
101980
102014
101966
101976
101974
101972
102011
101969
102003
101999

